45 1
00 0
00 0
73 0
00 0
00 0
40 0
00 0
40 0
11 0
b8 0
61 0
c0 0
a8 0
00 0
01 0
c0 0
a8 0
00 0
c7 0
00 0
35 0
e9 0
7c 0
00 0
5f 0
27 0
9f 0
1e 0
4b 0
81 0
80 0
45 1
00 0
00 0
73 0
00 0
00 0
40 0
00 0
40 0
11 0
b8 0
61 0
c0 0
a8 0
00 0
01 0
c0 0
a8 0
00 0
c7 0
00 0
35 0
e9 0
7c 0
00 0
5f 0
27 0
9f 0
1e 0
4b 0
81 0
80 0
46 1
00 0
00 0
73 0
00 0
00 0
40 0
00 0
40 0
11 0
b8 0
61 0
c0 0
a8 0
00 0
01 0
c0 0
a8 0
00 0
c7 0
00 0
35 0
e9 0
7c 0
00 0
5f 0
27 0
9f 0
1e 0
4b 0
81 0
80 0
46 1
00 0
00 0
73 0
00 0
00 0
40 0
00 0
40 0
11 0
b8 0
61 0
c0 0
a8 0
00 0
01 0
c0 0
a8 0
00 0
c7 0
00 0
35 0
e9 0
7c 0
00 0
5f 0
27 0
9f 0
1e 0
4b 0
81 0
80 0
45 1
00 0
00 0
73 0
00 0
00 0
40 0
00 0
40 0
11 0
b8 0
61 0
c0 0
a8 0
00 0
01 0
c0 0
a8 0
00 0
c7 0
00 0
35 0
e9 0
7c 0
00 0
5f 0
27 0
9f 0
1e 0
4b 0
81 0
80 0
45 1
00 0
00 0
73 0
00 0
00 0
40 0
00 0
40 0
11 0
b8 0
61 0
c0 0
a8 0
00 0
01 0
c0 0
a8 0
00 0
c7 0
00 0
35 0
e9 0
7c 0
00 0
5f 0
27 0
9f 0
1e 0
4b 0
81 0
80 0