000011010010000110011000000111010000101011010001111011001010101000000001101110111110100111100010
000011010010000110011000000111010000101011010001111011001010101000000001101110111110100111100010
000010101101000111101100101010100000110100100001100110000001110111101001111000100000000110111011
000010101101000111101100101010100010001110111010111000000001100111110011110111010000000110111011
000010101101000111101100101010100010001110111010111000000001100111110011110111010000000110111011
000010101101000111101100101010100010001110111010111000000001100111110011110111010000000110111011
001000111011101011100000000110010000101011010001111011001010101000000001101110111111001111011101
001000111011101011100000000110010000101011010001111011001010101000000001101110111111001111011101
001000111011101011100000000110010000101011010001111011001010101000000001101110111111001111011101
001000111011101011100000000110010000101011010001111011001010101000000001101110111111001111011101
000010101101000111101100101010100010001110111010111000000001100111110011110111010000000110111011
001000111011101011100000000110010000101011010001111011001010101000000001101110111111001111011101
001000111011101011100000000110010000101011010001111011001010101000000001101110111111001111011101
000010101101000111101100101010100010001110111010111000000001100111110011110111010000000110111011
001000111011101011100000000110010000101011010001111011001010101000000001101110111111001111011101
001000111011101011100000000110010000101011010001111011001010101000000001101110111111001111011101
000010101101000111101100101010100010001110111010111000000001100111110011110111010000000110111011
000010101101000111101100101010100010001110111010111000000001100111110011110111010000000110111011
000010101101000111101100101010100010001110111010111000000001100111110011110111010000000110111011
001000111011101011100000000110010000101011010001111011001010101000000001101110111111001111011101
000010101101000111101100101010101000001011100001010110010111101011111110011111010000000000110101
100000101110000101011001011110100000101011010001111011001010101000000000001101011111111001111101
000010101101000111101100101010101000111011111010010010100100111011101100110100110000000110111011
100011101111101001001010010011100000101011010001111011001010101000000001101110111110110011010011
000010101101000111101100101010101000111011111010010010100100111011101100110100110000000110111011
000010101101000111101100101010101000111011111010010010100100111011101100110100110000000110111011
100011101111101001001010010011100000101011010001111011001010101000000001101110111110110011010011
100011101111101001001010010011100000101011010001111011001010101000000001101110111110110011010011
100011101111101001001010010011100000101011010001111011001010101000000001101110111110110011010011
100011101111101001001010010011100000101011010001111011001010101000000001101110111110110011010011
100011101111101001001010010011100000101011010001111011001010101000000001101110111110110011010011
100011101111101001001010010011100000101011010001111011001010101000000001101110111110110011010011
100011101111101001001010010011100000101011010001111011001010101000000001101110111110110011010011
000010101101000111101100101010101000111011111010010010100100111011101100110100110000000110111011
000010101101000111101100101010101000111011111010010010100100111011101100110100110000000110111011
000010101101000111101100101010101000111011111010010010100100111011101100110100110000000110111011
000010101101000111101100101010101000111011111010010010100100111011101100110100110000000110111011
000010101101000111101100101010101000111011111010010010100100111011101100110100110000000110111011
100011101111101001001010010011100000101011010001111011001010101000000001101110111110110011010011
100011101111101001001010010011100000101011010001111011001010101000000001101110111110110011010011
100011101111101001001010010011100000101011010001111011001010101000000001101110111110110011010011
000010101101000111101100101010101000111011111010010010100100111011101100110100110000000110111011
000010101101000111101100101010101000111011111010010010100100111011101100110100110000000110111011
000010101101000111101100101010101000111011111010010010100100111011101100110100110000000110111011
000010101101000111101100101010101000111011111010010010100100111011101100110100110000000110111011
100011101111101001001010010011100000101011010001111011001010101000000001101110111110110011010011
100011101111101001001010010011100000101011010001111011001010101000000001101110111110110011010011
100011101111101001001010010011100000101011010001111011001010101000000001101110111110110011010011
000010101101000111101100101010101000111011111010010010100100111011101100110100110000000110111011
000010101101000111101100101010101000111011111010010010100100111011101100110100110000000110111011
000010101101000111101100101010101000111011111010010010100100111011101100110100110000000110111011
000010101101000111101100101010101000111011111010010010100100111011101100110100110000000110111011
100011101111101001001010010011100000101011010001111011001010101000000001101110111110110011010011
100011101111101001001010010011100000101011010001111011001010101000000001101110111110110011010011
100011101111101001001010010011100000101011010001111011001010101000000001101110111110110011010011
000010101101000111101100101010101000111011111010010010100100111011101100110100110000000110111011
100011101111101001001010010011100000101011010001111011001010101000000001101110111110110011010011
000010101101000111101100101010101000111011111010010010100100111011101100110100110000000110111011
000010101101000111101100101010101000111011111010010010100100111011101100110100110000000110111011
000010101101000111101100101010101000111011111010010010100100111011101100110100110000000110111011
100011101111101001001010010011100000101011010001111011001010101000000001101110111110110011010011
000010101101000111101100101010101000111011111010010010100100111011101100110100110000000110111011
100011101111101001001010010011100000101011010001111011001010101000000001101110111110110011010011
000010101101000111101100101010101000111011111010010010100100111011101100110100110000000110111011
000010101101000111101100101010101000111011111010010010100100111011101100110100110000000110111011
000010101101000111101100101010101000111011111010010010100100111011101100110100110000000110111011
100011101111101001001010010011100000101011010001111011001010101000000001101110111110110011010011
100011101111101001001010010011100000101011010001111011001010101000000001101110111110110011010011
000010101101000111101100101010101000111011111010010010100100111011101100110100110000000110111011
000010101101000111101100101010100000101011010001111111111111111111100001000101011110000100010101
000010101101000111101100101010101010110011100000001010010000010011000001011100100000000110111011
101011001110000000101001000001000000101011010001111011001010101000000001101110111100000101110010
000010101101000111101100101010101010110011100000001010010000100011101010111000100000000110111011
101011001110000000101001000010000000101011010001111011001010101000000001101110111110101011100010
000010101101000111101100101010100000110100100001100110000001110111101001111000100000000110111011
000011010010000110011000000111010000101011010001111011001010101000000001101110111110100111100010
000011010010000110011000000111010000101011010001111011001010101000000001101110111110100111100010
000011010010000110011000000111010000101011010001111011001010101000000001101110111110100111100010
000010101101000111101100101010100000110100100001100110000001110111101001111000100000000110111011
000010101101000111101100101010101010110011100000001010010000010011000001011100100000000110111011
101011001110000000101001000001000000101011010001111011001010101000000001101110111100000101110010
000010101101000111101100101010100010001110111010111000000010111111110011110111110000000110111011
001000111011101011100000001011110000101011010001111011001010101000000001101110111111001111011111
001000111011101011100000001011110000101011010001111011001010101000000001101110111111001111011111
000010101101000111101100101010100010001110111010111000000010111111110011110111110000000110111011
000010101101000111101100101010100001000111111000111011010000000111101100110100010000000110111011
000010101101000111101100101010100001000111111000111011010000000111101100110100010000000110111011
000100011111100011101101000000010000101011010001111011001010101000000001101110111110110011010001
000100011111100011101101000000010000101011010001111011001010101000000001101110111110110011010001
000100011111100011101101000000010000101011010001111011001010101000000001101110111110110011010001
000010101101000111101100101010100001000111111000111011010000000111101100110100010000000110111011
000010101101000111101100101010100010001110111010111000000001100111110011110111010000000110111011
000010101101000111101100101010100010001110111010111000000001100111110011110111010000000110111011
000010101101000111101100101010100010001110111010111000000001100111110011110111010000000110111011
001000111011101011100000000110010000101011010001111011001010101000000001101110111111001111011101
001000111011101011100000000110010000101011010001111011001010101000000001101110111111001111011101
001000111011101011100000000110010000101011010001111011001010101000000001101110111111001111011101
001000111011101011100000000110010000101011010001111011001010101000000001101110111111001111011101
000010101101000111101100101010100010001110111010111000000001100111110011110111010000000110111011
001000111011101011100000000110010000101011010001111011001010101000000001101110111111001111011101
000010101101000111101100101010100010001110111010111000000001100111110011110111010000000110111011
001000111011101011100000000110010000101011010001111011001010101000000001101110111111001111011101
001000111011101011100000000110010000101011010001111011001010101000000001101110111111001111011101
001000111011101011100000000110010000101011010001111011001010101000000001101110111111001111011101
000010101101000111101100101010100010001110111010111000000001100111110011110111010000000110111011
000010101101000111101100101010100010001110111010111000000001100111110011110111010000000110111011
001000111011101011100000000110010000101011010001111011001010101000000001101110111111001111011101
000010101101000111101100101010100010001110111010111000000001100111110011110111010000000110111011
000010101101000111101100101010100010001110111010111000000001100111110011110111010000000110111011
001000111011101011100000000110010000101011010001111011001010101000000001101110111111001111011101
001000111011101011100000000110010000101011010001111011001010101000000001101110111111001111011101
001000111011101011100000000110010000101011010001111011001010101000000001101110111111001111011101
001000111011101011100000000110010000101011010001111011001010101000000001101110111111001111011101
001000111011101011100000000110010000101011010001111011001010101000000001101110111111001111011101
000010101101000111101100101010100010001110111010111000000001100111110011110111010000000110111011
000010101101000111101100101010100010001110111010111000000001100111110011110111010000000110111011
001000111011101011100000000110010000101011010001111011001010101000000001101110111111001111011101
000010101101000111101100101010100010001110111010111000000001100111110011110111010000000110111011
000010101101000111101100101010100010001110111010111000000001100111110011110111010000000110111011
001000111011101011100000000110010000101011010001111011001010101000000001101110111111001111011101
000010101101000111101100101010101010001010011111100000101110101011110011111000000000000110111011
101000101001111110000010111010100000101011010001111011001010101000000001101110111111001111100000
101000101001111110000010111010100000101011010001111011001010101000000001101110111111001111100000
000010101101000111101100101010101010001010011111100000101110101011110011111000000000000110111011
000010101101000111101100101010100010001110111010111000000010111111110010110000000000000110111011
001000111011101011100000001011110000101011010001111011001010101000000001101110111111001011000000
001000111011101011100000001011110000101011010001111011001010101000000001101110111111001011000000
000010101101000111101100101010100010001110111010111000000010111111110010110000000000000110111011
000010101101000111101100101010100010001001100010010010100011100111110011111000100000000110111011
001000100110001001001010001110010000101011010001111011001010101000000001101110111111001111100010
001000100111100010111010010111010000101011010001111011001010101000000001101110111110100010011101
000010101101000111101100101010100010001001111000101110100101110111101000100111010000000110111011
000010101101000111101100101010100010001001111000101110100101110111101000100111010000000110111011
000010101101000111101100101010100010001001111000101110100101110111101000100111010000000110111011
000010101101000111101100101010100010001001111000101110100101110111101000100111010000000110111011
001000100111100010111010010111010000101011010001111011001010101000000001101110111110100010011101
001000100111100010111010010111010000101011010001111011001010101000000001101110111110100010011101
001000100111100010111010010111010000101011010001111011001010101000000001101110111110100010011101
000010101101000111101100101010101010110011100000001010010000100011101010111000100000000110111011
101011001110000000101001000010000000101011010001111011001010101000000001101110111110101011100010
000010101101000111101100101010100010001110111010111000000001100111110011110111100000000110111011
001000111011101011100000000110010000101011010001111011001010101000000001101110111111001111011110
000010101101000111101100101010100000110100100001100110000001110111101001111000100000000110111011
000011010010000110011000000111010000101011010001111011001010101000000001101110111110100111100010
000011010010000110011000000111010000101011010001111011001010101000000001101110111110100111100010
000011010010000110011000000111010000101011010001111011001010101000000001101110111110100111100010
000010101101000111101100101010100000110100100001100110000001110111101001111000100000000110111011
000010101101000111101100101010101000111011111010010010100100111011101100110100110000000110111011
000010101101000111101100101010100010001110111010111000000001100111110011110111010000000110111011
000010101101000111101100101010100010001110111010111000000001100111110011110111010000000110111011
001000111011101011100000000110010000101011010001111011001010101000000001101110111111001111011101
001000111011101011100000000110010000101011010001111011001010101000000001101110111111001111011101
001000111011101011100000000110010000101011010001111011001010101000000001101110111111001111011101
001000111011101011100000000110010000101011010001111011001010101000000001101110111111001111011101
001000111011101011100000000110010000101011010001111011001010101000000001101110111111001111011101
000010101101000111101100101010100010001110111010111000000001100111110011110111010000000110111011
001000111011101011100000000110010000101011010001111011001010101000000001101110111111001111011101
000010101101000111101100101010100010001110111010111000000001100111110011110111010000000110111011
000010101101000111101100101010100010001110111010111000000001100111110011110111010000000110111011
000010101101000111101100101010100010001110111010111000000001100111110011110111010000000110111011
001000111011101011100000000110010000101011010001111011001010101000000001101110111111001111011101
