111011010110111011000111110000001010100000000001011001100000000110111011111001001100010110111111
111011010110111011000111110000001010100000000001011001100000000110111011111001001100011011101101
011010111111011000101100110000001010100000000001011001100000000110111011111001001100011100111011
100111110101000010000000110000001010100000000001011001100001111110011100111001001100100010101000
110001101010111011000000110000001010100000000001011001100000000110111011111001001100100111001111
110001101010111011010000110000001010100000000001011001100000000110111011111001001100101001111010
100111110101000010000000110000001010100000000001011001100001111110011100111001001100101110001101
111110110000100110011101110000001010100000000001011001100000000110111011111001001100110111010110
110110000110110101101011110000001010100000000001011001100000000110111011111001001100110011101000
000100101011101000111001110000001010100000000001011001100000000110111011111001001100111011010110
100111110101000010000000110000001010100000000001011001100001111110011100111001001100111111100110
110011001111010001111001110000001010100000000001011001100000000110111011111001001101001100001011
000100001010111100001010110000001010100000000001011001100000000110111011111001001101001010101100
110011001111010000001010110000001010100000000001011001100000000110111011111001001101010001101000
110011001111010000001010110000001010100000000001011001100000000110111011111001001101010001101000
010001111011011100011100110000001010100000000001011001100000000110111011111001001101000001010101
010001111011011100011100110000001010100000000001011001100000000110111011111001001101000100001011
110110010001001101000010110000001010100000000001011001100000000110111011111001001101010110001100
101010110011010100101001110000001010100000000001011001100000000110111011111001001101011000011101
101001011001101111110010110000001010100000000001011001100000000110111011111001001101011110110101
101011000111101001110100110000001010100000000001011001100000000110111011111001001101100011100000
100111110101000010000000110000001010100000000001011001100001111110011100111001001101100111000001
011010110001010111001000110000001010100000000001011001100000000110111011111001001101101010010110
011110011110110100101001110000001010100000000001011001100000000110111011111001001101101100100101
000101101110111000001001110000001010100000000001011001100000000110111011111001001101110001001001
000101101110111000001001110000001010100000000001011001100000000110111011111001001101111011010001
101011000111101001110100110000001010100000000001011001100000000110111011111001001101110101111110
001000010010001110111100110000001010100000000001011001100000000110111011111001001101111111111101
000000000100110100101000110000001010100000000001011001100000000110111011111001001110000010011011
001000011001100001001000110000001010100000000001011001100000000110111011111001001110000101001010
010110100100010100001000110000001010100000000001011001100000000110111011111001001110001001011100
110010010011001001100101110000001010100000000001011001100000000110111011111001001110010101111001
101111000101111111100101110000001010100000000001011001100000000110111011111001001110011011000011
110011001111010000001010110000001010100000000001011001100000000110111011111001001110011100110100
011010110010101000001110110000001010100000000001011001100000000110111011111001001110100010001111
111101001010111001000100110000001010100000000001011001100000000110111011111001001110101010001001
111001010000001001100101110000001010100000000001011001100000000110111011111001001110100100010110
100011100111001000000010110000001010100000000001011001100000000110111011111001001110110010000100
000100010110100101111011110000001010100000000001011001100000000110111011111001001110110100000100
010011001010111001000010110000001010100000000001011001100000000110111011111001001110101100010111
111010000010101011011001110000001010100000000001011001100000000110111011111001001110111010011011
111111010110001000101110110000001010100000000001011001100000000110111011111001001111000010111100
111100110001100101000110110000001010100000000001011001100000000110111011111001001110111100100100
110011001111010001110101110000001010100000000001011001100000000110111011111001001111000100001001
001000011001100001011100110000001010100000000001011001100000000110111011111001001111001000001110
100010111000000000001011110000001010100000000001011001100000000110111011111001001111001100001011
111111010110001000110000110000001010100000000001011001100000000110111011111001001111010010010100
111111010110001000101110110000001010100000000001011001100000000110111011111001001111010100010101
111100010110110101111010110000001010100000000001011001100000000110111011111001001111011010100001
111010000010101011011001110000001010100000000001011001100000000110111011111001001111011100001001
111001011111000001001110110000001010100000000001011001100000000110111011111001001111100010000000
111010000010101000110001110000001010100000000001011001100000000110111011111001001111100100001100
000110100000111010001110110000001010100000000001011001100000000110111011111001001111101011110100
110011001111010001001100110000001010100000000001011001100000000110111011111001001111101100001010
101111000101111111100101110000001010100000000001011001100000000110111011111001001111110000001111
110001110110111010011010110000001010100000000001011001100000000110111011111001001111110111001011
010100100111100100000011110000001010100000000001011001100000000110111011111001001111111010000001
100111001101101000000111110000001010100000000001011001100000000110111011111001001111111111011100
000000001010000000010001110000001010100000000001011001100000000110111011111001010000000010100000
000000001010000000010001110000001010100000000001011001100000000110111011111001010000000101111001
001100110101100010011110110000001010100000000001011001100000000110111011111001010000001010001101
111000000101011000000000110000001010100000000001011001100000000110111011111001010000010000000001
000100101100000111000010110000001010100000000001011001100000000110111011111001010000001100110100
001000011001100000110110110000001010100000000001011001100000000110111011111001010000010110101011
010111100001101100010110110000001010100000000001011001100000000110111011111001010000011001100100
110001110110111010011010110000001010100000000001011001100000000110111011111001010000011101001111
110001110110110010000101110000001010100000000001011001100000000110111011111001010000100000101011
000100001001010001000000110000001010100000000001011001100000000110111011111001010000100110010001
000100001001010001000000110000001010100000000001011001100000000110111011111001010000101001010101
001000011001100001110100110000001010100000000001011001100000000110111011111001010000101100010010
110011001111010001001101110000001010100000000001011001100000000110111011111001010000110011111000
110011001111010001001101110000001010100000000001011001100000000110111011111001010000110011111000
010100011010111111001100110000001010100000000001011001100000000110111011111001010000110110101111
001000000010000111010100110000001010100000000001011001100000000110111011111001010000111001111011
001000000010000111010100110000001010100000000001011001100000000110111011111001010000111110111001
001000011001100001110101110000001010100000000001011001100000000110111011111001010001000010100000
001000011001100001110101110000001010100000000001011001100000000110111011111001010001000010100000
001001100101010000100101110000001010100000000001011001100000000110111011111001010001000111110001
010100100111001000011010110000001010100000000001011001100000000110111011111001010001001000010100
001001100101010000100101110000001010100000000001011001100000000110111011111001010001001111010111
111010000010101011011001110000001010100000000001011001100000000110111011111001010001010001101011
010100100111100100000101110000001010100000000001011001100000000110111011111001010001010111111001
001001100101010000100101110000001010100000000001011001100000000110111011111001010001011011010000
000110100000010011001100110000001010100000000001011001100000000110111011111001010001011101010110
001000011001100001110101110000001010100000000001011001100000000110111011111001010001100011111111
001000011000101100001101110000001010100000000001011001100000000110111011111001010001100111001010
