0000000000000000000000000000000000000000000000000000000000000000000000000000000000000000000000000
0000000000000000000000000000000000000000000000000000000000000000000000000000000000000000000000010
0000000000000000000000000000000000000000000000000000000000000000000000000000000000000000000000100
0000000000000000000000000000000000000000000000000000000000000000000000000000000000000000000000110
0000000000000000000000000000000000000000000000000000000000000000000000000000000000000000000001000
0000000000000000000000000000000000000000000000000000000000000000000000000000000000000000000001010
0000000000000000000000000000000000000000000000000000000000000000000000000000000000000000000001100
0000000000000000000000000000000000000000000000000000000000000000000000000000000000000000000001110
0000000000000000000000000000000000000000000000000000000000000000000000000000000000000000000010000
0000000000000000000000000000000000000000000000000000000000000000000000000000000000000000000010010
0000000000000000000000000000000000000000000000000000000000000000000000000000000000000000000010100
0000000000000000000000000000000000000000000000000000000000000000000000000000000000000000000010110
0000000000000000000000000000000000000000000000000000000000000000000000000000000000000000000011000
0000000000000000000000000000000000000000000000000000000000000000000000000000000000000000000011010
0000000000000000000000000000000000000000000000000000000000000000000000000000000000000000000011100
0000000000000000000000000000000000000000000000000000000000000000000000000000000000000000000011110  
0000000000000000000000000000000000000000000000000000000000000000000000000000000000000000000100000  
0000000000000000000000000000000000000000000000000000000000000000000000000000000000000000000100010  
0000000000000000000000000000000000000000000000000000000000000000000000000000000000000000000100100  
0000000000000000000000000000000000000000000000000000000000000000000000000000000000000000000100110  
0000000000000000000000000000000000000000000000000000000000000000000000000000000000000000000101000  
0000000000000000000000000000000000000000000000000000000000000000000000000000000000000000000101010  
0000000000000000000000000000000000000000000000000000000000000000000000000000000000000000000101100  
0000000000000000000000000000000000000000000000000000000000000000000000000000000000000000000101110  
0000000000000000000000000000000000000000000000000000000000000000000000000000000000000000000110000  
0000000000000000000000000000000000000000000000000000000000000000000000000000000000000000000110010  
0000000000000000000000000000000000000000000000000000000000000000000000000000000000000000000110100  
0000000000000000000000000000000000000000000000000000000000000000000000000000000000000000000110110  
0000000000000000000000000000000000000000000000000000000000000000000000000000000000000000000111000  
0000000000000000000000000000000000000000000000000000000000000000000000000000000000000000000111010  
0000000000000000000000000000000000000000000000000000000000000000000000000000000000000000000111100  
0000000000000000000000000000000000000000000000000000000000000000000000000000000000000000000111110  
0000000000000000000000000000000000000000000000000000000000000000000000000000000000000000001000000  
0000000000000000000000000000000000000000000000000000000000000000000000000000000000000000001000010  
0000000000000000000000000000000000000000000000000000000000000000000000000000000000000000001000100  
0000000000000000000000000000000000000000000000000000000000000000000000000000000000000000001000110  
0000000000000000000000000000000000000000000000000000000000000000000000000000000000000000001001000  
0000000000000000000000000000000000000000000000000000000000000000000000000000000000000000001001010  
0000000000000000000000000000000000000000000000000000000000000000000000000000000000000000001001100  
0000000000000000000000000000000000000000000000000000000000000000000000000000000000000000001001110  
0000000000000000000000000000000000000000000000000000000000000000000000000000000000000000001010000  
0000000000000000000000000000000000000000000000000000000000000000000000000000000000000000001010010  
0000000000000000000000000000000000000000000000000000000000000000000000000000000000000000001010100  
0000000000000000000000000000000000000000000000000000000000000000000000000000000000000000001010110  
0000000000000000000000000000000000000000000000000000000000000000000000000000000000000000001011000  
0000000000000000000000000000000000000000000000000000000000000000000000000000000000000000001011010  
0000000000000000000000000000000000000000000000000000000000000000000000000000000000000000001011100  
0000000000000000000000000000000000000000000000000000000000000000000000000000000000000000001011110  
0000000000000000000000000000000000000000000000000000000000000000000000000000000000000000001100000  
0000000000000000000000000000000000000000000000000000000000000000000000000000000000000000001100010  
0000000000000000000000000000000000000000000000000000000000000000000000000000000000000000001100100  
0000000000000000000000000000000000000000000000000000000000000000000000000000000000000000001100110  
0000000000000000000000000000000000000000000000000000000000000000000000000000000000000000001101000  
0000000000000000000000000000000000000000000000000000000000000000000000000000000000000000001101010  
0000000000000000000000000000000000000000000000000000000000000000000000000000000000000000001101100  
0000000000000000000000000000000000000000000000000000000000000000000000000000000000000000001101110  
0000000000000000000000000000000000000000000000000000000000000000000000000000000000000000001110000  
0000000000000000000000000000000000000000000000000000000000000000000000000000000000000000001110010  
0000000000000000000000000000000000000000000000000000000000000000000000000000000000000000001110100  
0000000000000000000000000000000000000000000000000000000000000000000000000000000000000000001110110  
0000000000000000000000000000000000000000000000000000000000000000000000000000000000000000001111000  
0000000000000000000000000000000000000000000000000000000000000000000000000000000000000000001111010  
0000000000000000000000000000000000000000000000000000000000000000000000000000000000000000001111100  
0000000000000000000000000000000000000000000000000000000000000000000000000000000000000000001111110  
0000000000000000000000000000000000000000000000000000000000000000000000000000000000000000010000000  
0000000000000000000000000000000000000000000000000000000000000000000000000000000000000000010000010  
0000000000000000000000000000000000000000000000000000000000000000000000000000000000000000010000100  
0000000000000000000000000000000000000000000000000000000000000000000000000000000000000000010000110  
0000000000000000000000000000000000000000000000000000000000000000000000000000000000000000010001000  
0000000000000000000000000000000000000000000000000000000000000000000000000000000000000000010001010  
0000000000000000000000000000000000000000000000000000000000000000000000000000000000000000010001100  
0000000000000000000000000000000000000000000000000000000000000000000000000000000000000000010001110  
0000000000000000000000000000000000000000000000000000000000000000000000000000000000000000010010000  
0000000000000000000000000000000000000000000000000000000000000000000000000000000000000000010010010  
0000000000000000000000000000000000000000000000000000000000000000000000000000000000000000010010100  
0000000000000000000000000000000000000000000000000000000000000000000000000000000000000000010010110  
0000000000000000000000000000000000000000000000000000000000000000000000000000000000000000010011000  
0000000000000000000000000000000000000000000000000000000000000000000000000000000000000000010011010  
0000000000000000000000000000000000000000000000000000000000000000000000000000000000000000010011100  
0000000000000000000000000000000000000000000000000000000000000000000000000000000000000000010011110  
0000000000000000000000000000000000000000000000000000000000000000000000000000000000000000010100000  
0000000000000000000000000000000000000000000000000000000000000000000000000000000000000000010100010  
0000000000000000000000000000000000000000000000000000000000000000000000000000000000000000010100100  
0000000000000000000000000000000000000000000000000000000000000000000000000000000000000000010100110  
0000000000000000000000000000000000000000000000000000000000000000000000000000000000000000010101000  
0000000000000000000000000000000000000000000000000000000000000000000000000000000000000000010101010  
0000000000000000000000000000000000000000000000000000000000000000000000000000000000000000010101100  
0000000000000000000000000000000000000000000000000000000000000000000000000000000000000000010101110  
0000000000000000000000000000000000000000000000000000000000000000000000000000000000000000010110000  
0000000000000000000000000000000000000000000000000000000000000000000000000000000000000000010110010  
0000000000000000000000000000000000000000000000000000000000000000000000000000000000000000010110100  
0000000000000000000000000000000000000000000000000000000000000000000000000000000000000000010110110  
0000000000000000000000000000000000000000000000000000000000000000000000000000000000000000010111000  
0000000000000000000000000000000000000000000000000000000000000000000000000000000000000000010111010  
0000000000000000000000000000000000000000000000000000000000000000000000000000000000000000010111100  
0000000000000000000000000000000000000000000000000000000000000000000000000000000000000000010111110  
0000000000000000000000000000000000000000000000000000000000000000000000000000000000000000011000000  
0000000000000000000000000000000000000000000000000000000000000000000000000000000000000000011000010  
0000000000000000000000000000000000000000000000000000000000000000000000000000000000000000011000100  
0000000000000000000000000000000000000000000000000000000000000000000000000000000000000000011000110  
0000000000000000000000000000000000000000000000000000000000000000000000000000000000000000011001000  
0000000000000000000000000000000000000000000000000000000000000000000000000000000000000000011001010  
0000000000000000000000000000000000000000000000000000000000000000000000000000000000000000011001100  
0000000000000000000000000000000000000000000000000000000000000000000000000000000000000000011001110  
0000000000000000000000000000000000000000000000000000000000000000000000000000000000000000011010000  
0000000000000000000000000000000000000000000000000000000000000000000000000000000000000000011010010  
0000000000000000000000000000000000000000000000000000000000000000000000000000000000000000011010100  
0000000000000000000000000000000000000000000000000000000000000000000000000000000000000000011010110  
0000000000000000000000000000000000000000000000000000000000000000000000000000000000000000011011000  
0000000000000000000000000000000000000000000000000000000000000000000000000000000000000000011011010  
0000000000000000000000000000000000000000000000000000000000000000000000000000000000000000011011100  
0000000000000000000000000000000000000000000000000000000000000000000000000000000000000000011011110
0000000000000000000000000000000000000000000000000000000000000000000000000000000000000000011100000  
0000000000000000000000000000000000000000000000000000000000000000000000000000000000000000011100010  
0000000000000000000000000000000000000000000000000000000000000000000000000000000000000000011100100  
0000000000000000000000000000000000000000000000000000000000000000000000000000000000000000011100110  
0000000000000000000000000000000000000000000000000000000000000000000000000000000000000000011101000  
0000000000000000000000000000000000000000000000000000000000000000000000000000000000000000011101010  
0000000000000000000000000000000000000000000000000000000000000000000000000000000000000000011101100  
0000000000000000000000000000000000000000000000000000000000000000000000000000000000000000011101110  
0000000000000000000000000000000000000000000000000000000000000000000000000000000000000000011110000  
0000000000000000000000000000000000000000000000000000000000000000000000000000000000000000011110010  
0000000000000000000000000000000000000000000000000000000000000000000000000000000000000000011110100  
0000000000000000000000000000000000000000000000000000000000000000000000000000000000000000011110110  
0000000000000000000000000000000000000000000000000000000000000000000000000000000000000000011111000  
0000000000000000000000000000000000000000000000000000000000000000000000000000000000000000011111010  
0000000000000000000000000000000000000000000000000000000000000000000000000000000000000000011111100  
0000000000000000000000000000000000000000000000000000000000000000000000000000000000000000011111110  
0000000000000000000000000000000000000000000000000000000000000000000000000000000000000000100000000  
0000000000000000000000000000000000000000000000000000000000000000000000000000000000000000100000010  
0000000000000000000000000000000000000000000000000000000000000000000000000000000000000000100000100  
0000000000000000000000000000000000000000000000000000000000000000000000000000000000000000100000110  
0000000000000000000000000000000000000000000000000000000000000000000000000000000000000000100001000  
0000000000000000000000000000000000000000000000000000000000000000000000000000000000000000100001010  
0000000000000000000000000000000000000000000000000000000000000000000000000000000000000000100001100  
0000000000000000000000000000000000000000000000000000000000000000000000000000000000000000100001110  
0000000000000000000000000000000000000000000000000000000000000000000000000000000000000000100010000  
0000000000000000000000000000000000000000000000000000000000000000000000000000000000000000100010010  
0000000000000000000000000000000000000000000000000000000000000000000000000000000000000000100010100  
0000000000000000000000000000000000000000000000000000000000000000000000000000000000000000100010110  
0000000000000000000000000000000000000000000000000000000000000000000000000000000000000000100011000  
0000000000000000000000000000000000000000000000000000000000000000000000000000000000000000100011010  
0000000000000000000000000000000000000000000000000000000000000000000000000000000000000000100011100  
0000000000000000000000000000000000000000000000000000000000000000000000000000000000000000100011110  
0000000000000000000000000000000000000000000000000000000000000000000000000000000000000000100100000  
0000000000000000000000000000000000000000000000000000000000000000000000000000000000000000100100010  
0000000000000000000000000000000000000000000000000000000000000000000000000000000000000000100100100  
0000000000000000000000000000000000000000000000000000000000000000000000000000000000000000100100110  
0000000000000000000000000000000000000000000000000000000000000000000000000000000000000000100101000  
0000000000000000000000000000000000000000000000000000000000000000000000000000000000000000100101010  
0000000000000000000000000000000000000000000000000000000000000000000000000000000000000000100101100  
0000000000000000000000000000000000000000000000000000000000000000000000000000000000000000100101110  
0000000000000000000000000000000000000000000000000000000000000000000000000000000000000000100110000  
0000000000000000000000000000000000000000000000000000000000000000000000000000000000000000100110010  
0000000000000000000000000000000000000000000000000000000000000000000000000000000000000000100110100  
0000000000000000000000000000000000000000000000000000000000000000000000000000000000000000100110110  
0000000000000000000000000000000000000000000000000000000000000000000000000000000000000000100111000  
0000000000000000000000000000000000000000000000000000000000000000000000000000000000000000100111010  
0000000000000000000000000000000000000000000000000000000000000000000000000000000000000000100111100  
0000000000000000000000000000000000000000000000000000000000000000000000000000000000000000100111110  
0000000000000000000000000000000000000000000000000000000000000000000000000000000000000000101000000  
0000000000000000000000000000000000000000000000000000000000000000000000000000000000000000101000010  
0000000000000000000000000000000000000000000000000000000000000000000000000000000000000000101000100  
0000000000000000000000000000000000000000000000000000000000000000000000000000000000000000101000110  
0000000000000000000000000000000000000000000000000000000000000000000000000000000000000000101001000  
0000000000000000000000000000000000000000000000000000000000000000000000000000000000000000101001010  
0000000000000000000000000000000000000000000000000000000000000000000000000000000000000000101001100  
0000000000000000000000000000000000000000000000000000000000000000000000000000000000000000101001110  
0000000000000000000000000000000000000000000000000000000000000000000000000000000000000000101010000  
0000000000000000000000000000000000000000000000000000000000000000000000000000000000000000101010010  
0000000000000000000000000000000000000000000000000000000000000000000000000000000000000000101010100  
0000000000000000000000000000000000000000000000000000000000000000000000000000000000000000101010110  
0000000000000000000000000000000000000000000000000000000000000000000000000000000000000000101011000  
0000000000000000000000000000000000000000000000000000000000000000000000000000000000000000101011010  
0000000000000000000000000000000000000000000000000000000000000000000000000000000000000000101011100  
0000000000000000000000000000000000000000000000000000000000000000000000000000000000000000101011110  
0000000000000000000000000000000000000000000000000000000000000000000000000000000000000000101100000  
0000000000000000000000000000000000000000000000000000000000000000000000000000000000000000101100010  
0000000000000000000000000000000000000000000000000000000000000000000000000000000000000000101100100  
0000000000000000000000000000000000000000000000000000000000000000000000000000000000000000101100110  
0000000000000000000000000000000000000000000000000000000000000000000000000000000000000000101101000  
0000000000000000000000000000000000000000000000000000000000000000000000000000000000000000101101010  
0000000000000000000000000000000000000000000000000000000000000000000000000000000000000000101101100  
0000000000000000000000000000000000000000000000000000000000000000000000000000000000000000101101110  
0000000000000000000000000000000000000000000000000000000000000000000000000000000000000000101110000  
0000000000000000000000000000000000000000000000000000000000000000000000000000000000000000101110010  
0000000000000000000000000000000000000000000000000000000000000000000000000000000000000000101110100  
0000000000000000000000000000000000000000000000000000000000000000000000000000000000000000101110110  
0000000000000000000000000000000000000000000000000000000000000000000000000000000000000000101111000  
0000000000000000000000000000000000000000000000000000000000000000000000000000000000000000101111010  
0000000000000000000000000000000000000000000000000000000000000000000000000000000000000000101111100
0000000000000000000000000000000000000000000000000000000000000000000000000000000000000000101111110  
0000000000000000000000000000000000000000000000000000000000000000000000000000000000000000110000000  
0000000000000000000000000000000000000000000000000000000000000000000000000000000000000000110000010  
0000000000000000000000000000000000000000000000000000000000000000000000000000000000000000110000100  
0000000000000000000000000000000000000000000000000000000000000000000000000000000000000000110000110  
0000000000000000000000000000000000000000000000000000000000000000000000000000000000000000110001000  
0000000000000000000000000000000000000000000000000000000000000000000000000000000000000000110001010
0000000000000000000000000000000000000000000000000000000000000000000000000000000000000000110001100
0000000000000000000000000000000000000000000000000000000000000000000000000000000000000000110001110  
0000000000000000000000000000000000000000000000000000000000000000000000000000000000000000110010000  
0000000000000000000000000000000000000000000000000000000000000000000000000000000000000000110010010  
0000000000000000000000000000000000000000000000000000000000000000000000000000000000000000110010100  
0000000000000000000000000000000000000000000000000000000000000000000000000000000000000000110010110  
0000000000000000000000000000000000000000000000000000000000000000000000000000000000000000110011000  
0000000000000000000000000000000000000000000000000000000000000000000000000000000000000000110011010  
0000000000000000000000000000000000000000000000000000000000000000000000000000000000000000110011100  
0000000000000000000000000000000000000000000000000000000000000000000000000000000000000000110011110  
0000000000000000000000000000000000000000000000000000000000000000000000000000000000000000110100000  
0000000000000000000000000000000000000000000000000000000000000000000000000000000000000000110100010  
0000000000000000000000000000000000000000000000000000000000000000000000000000000000000000110100100  
0000000000000000000000000000000000000000000000000000000000000000000000000000000000000000110100110  
0000000000000000000000000000000000000000000000000000000000000000000000000000000000000000110101000  
0000000000000000000000000000000000000000000000000000000000000000000000000000000000000000110101010  
0000000000000000000000000000000000000000000000000000000000000000000000000000000000000000110101100  
0000000000000000000000000000000000000000000000000000000000000000000000000000000000000000110101110  
0000000000000000000000000000000000000000000000000000000000000000000000000000000000000000110110000  
0000000000000000000000000000000000000000000000000000000000000000000000000000000000000000110110010  
0000000000000000000000000000000000000000000000000000000000000000000000000000000000000000110110100  
0000000000000000000000000000000000000000000000000000000000000000000000000000000000000000110110110  
0000000000000000000000000000000000000000000000000000000000000000000000000000000000000000110111000  
0000000000000000000000000000000000000000000000000000000000000000000000000000000000000000110111010  
0000000000000000000000000000000000000000000000000000000000000000000000000000000000000000110111100  
0000000000000000000000000000000000000000000000000000000000000000000000000000000000000000110111110  
0000000000000000000000000000000000000000000000000000000000000000000000000000000000000000111000000  
0000000000000000000000000000000000000000000000000000000000000000000000000000000000000000111000010  
0000000000000000000000000000000000000000000000000000000000000000000000000000000000000000111000100  
0000000000000000000000000000000000000000000000000000000000000000000000000000000000000000111000110  
0000000000000000000000000000000000000000000000000000000000000000000000000000000000000000111001000  
0000000000000000000000000000000000000000000000000000000000000000000000000000000000000000111001010
0000000000000000000000000000000000000000000000000000000000000000000000000000000000000000111001100  
0000000000000000000000000000000000000000000000000000000000000000000000000000000000000000111001110  
0000000000000000000000000000000000000000000000000000000000000000000000000000000000000000111010000  
0000000000000000000000000000000000000000000000000000000000000000000000000000000000000000111010010  
0000000000000000000000000000000000000000000000000000000000000000000000000000000000000000111010100  
0000000000000000000000000000000000000000000000000000000000000000000000000000000000000000111010110  
0000000000000000000000000000000000000000000000000000000000000000000000000000000000000000111011000  
0000000000000000000000000000000000000000000000000000000000000000000000000000000000000000111011010  
0000000000000000000000000000000000000000000000000000000000000000000000000000000000000000111011100  
0000000000000000000000000000000000000000000000000000000000000000000000000000000000000000111011110  
0000000000000000000000000000000000000000000000000000000000000000000000000000000000000000111100000  
0000000000000000000000000000000000000000000000000000000000000000000000000000000000000000111100010  
0000000000000000000000000000000000000000000000000000000000000000000000000000000000000000111100100  
0000000000000000000000000000000000000000000000000000000000000000000000000000000000000000111100110  
0000000000000000000000000000000000000000000000000000000000000000000000000000000000000000111101000  
0000000000000000000000000000000000000000000000000000000000000000000000000000000000000000111101010  
0000000000000000000000000000000000000000000000000000000000000000000000000000000000000000111101100  
0000000000000000000000000000000000000000000000000000000000000000000000000000000000000000111101110  
0000000000000000000000000000000000000000000000000000000000000000000000000000000000000000111110000  
0000000000000000000000000000000000000000000000000000000000000000000000000000000000000000111110010  
0000000000000000000000000000000000000000000000000000000000000000000000000000000000000000111110100  
0000000000000000000000000000000000000000000000000000000000000000000000000000000000000000111110110  
0000000000000000000000000000000000000000000000000000000000000000000000000000000000000000111111000  
0000000000000000000000000000000000000000000000000000000000000000000000000000000000000000111111010  
0000000000000000000000000000000000000000000000000000000000000000000000000000000000000000111111100  
0000000000000000000000000000000000000000000000000000000000000000000000000000000000000000111111110  
0000000000000000000000000000000000000000000000000000000000000000000000000000000000000001000000000  
0000000000000000000000000000000000000000000000000000000000000000000000000000000000000001000000010  
0000000000000000000000000000000000000000000000000000000000000000000000000000000000000001000000100  
0000000000000000000000000000000000000000000000000000000000000000000000000000000000000001000000110  
0000000000000000000000000000000000000000000000000000000000000000000000000000000000000001000001000  
0000000000000000000000000000000000000000000000000000000000000000000000000000000000000001000001010  
0000000000000000000000000000000000000000000000000000000000000000000000000000000000000001000001100  
0000000000000000000000000000000000000000000000000000000000000000000000000000000000000001000001110  
0000000000000000000000000000000000000000000000000000000000000000000000000000000000000001000010000  
0000000000000000000000000000000000000000000000000000000000000000000000000000000000000001000010010  
0000000000000000000000000000000000000000000000000000000000000000000000000000000000000001000010100  
0000000000000000000000000000000000000000000000000000000000000000000000000000000000000001000010110  
0000000000000000000000000000000000000000000000000000000000000000000000000000000000000001000011000  
0000000000000000000000000000000000000000000000000000000000000000000000000000000000000001000011010  
0000000000000000000000000000000000000000000000000000000000000000000000000000000000000001000011100  
0000000000000000000000000000000000000000000000000000000000000000000000000000000000000001000011110  
0000000000000000000000000000000000000000000000000000000000000000000000000000000000000001000100000  
0000000000000000000000000000000000000000000000000000000000000000000000000000000000000001000100010  
0000000000000000000000000000000000000000000000000000000000000000000000000000000000000001000100100  
0000000000000000000000000000000000000000000000000000000000000000000000000000000000000001000100110  
0000000000000000000000000000000000000000000000000000000000000000000000000000000000000001000101000  
0000000000000000000000000000000000000000000000000000000000000000000000000000000000000001000101010  
0000000000000000000000000000000000000000000000000000000000000000000000000000000000000001000101100  
0000000000000000000000000000000000000000000000000000000000000000000000000000000000000001000101110  
0000000000000000000000000000000000000000000000000000000000000000000000000000000000000001000110000  
0000000000000000000000000000000000000000000000000000000000000000000000000000000000000001000110010  
0000000000000000000000000000000000000000000000000000000000000000000000000000000000000001000110100  
0000000000000000000000000000000000000000000000000000000000000000000000000000000000000001000110110  
0000000000000000000000000000000000000000000000000000000000000000000000000000000000000001000111000  
0000000000000000000000000000000000000000000000000000000000000000000000000000000000000001000111010
0000000000000000000000000000000000000000000000000000000000000000000000000000000000000001000111100  
0000000000000000000000000000000000000000000000000000000000000000000000000000000000000001000111110  
0000000000000000000000000000000000000000000000000000000000000000000000000000000000000001001000000  
0000000000000000000000000000000000000000000000000000000000000000000000000000000000000001001000010  
0000000000000000000000000000000000000000000000000000000000000000000000000000000000000001001000100  
0000000000000000000000000000000000000000000000000000000000000000000000000000000000000001001000110  
0000000000000000000000000000000000000000000000000000000000000000000000000000000000000001001001000  
0000000000000000000000000000000000000000000000000000000000000000000000000000000000000001001001010  
0000000000000000000000000000000000000000000000000000000000000000000000000000000000000001001001100  
0000000000000000000000000000000000000000000000000000000000000000000000000000000000000001001001110  
0000000000000000000000000000000000000000000000000000000000000000000000000000000000000001001010000  
0000000000000000000000000000000000000000000000000000000000000000000000000000000000000001001010010  
0000000000000000000000000000000000000000000000000000000000000000000000000000000000000001001010100  
0000000000000000000000000000000000000000000000000000000000000000000000000000000000000001001010110  
0000000000000000000000000000000000000000000000000000000000000000000000000000000000000001001011000  
0000000000000000000000000000000000000000000000000000000000000000000000000000000000000001001011010  
0000000000000000000000000000000000000000000000000000000000000000000000000000000000000001001011100  
0000000000000000000000000000000000000000000000000000000000000000000000000000000000000001001011110  
0000000000000000000000000000000000000000000000000000000000000000000000000000000000000001001100000  
0000000000000000000000000000000000000000000000000000000000000000000000000000000000000001001100010  
0000000000000000000000000000000000000000000000000000000000000000000000000000000000000001001100100  
0000000000000000000000000000000000000000000000000000000000000000000000000000000000000001001100110  
0000000000000000000000000000000000000000000000000000000000000000000000000000000000000001001101000  
0000000000000000000000000000000000000000000000000000000000000000000000000000000000000001001101010  
0000000000000000000000000000000000000000000000000000000000000000000000000000000000000001001101100  
0000000000000000000000000000000000000000000000000000000000000000000000000000000000000001001101110  
0000000000000000000000000000000000000000000000000000000000000000000000000000000000000001001110000  
0000000000000000000000000000000000000000000000000000000000000000000000000000000000000001001110010  
0000000000000000000000000000000000000000000000000000000000000000000000000000000000000001001110100  
0000000000000000000000000000000000000000000000000000000000000000000000000000000000000001001110110  
0000000000000000000000000000000000000000000000000000000000000000000000000000000000000001001111000  
0000000000000000000000000000000000000000000000000000000000000000000000000000000000000001001111010  
0000000000000000000000000000000000000000000000000000000000000000000000000000000000000001001111100  
0000000000000000000000000000000000000000000000000000000000000000000000000000000000000001001111110  
0000000000000000000000000000000000000000000000000000000000000000000000000000000000000001010000000  
0000000000000000000000000000000000000000000000000000000000000000000000000000000000000001010000010  
0000000000000000000000000000000000000000000000000000000000000000000000000000000000000001010000100  
0000000000000000000000000000000000000000000000000000000000000000000000000000000000000001010000110  
0000000000000000000000000000000000000000000000000000000000000000000000000000000000000001010001000  
0000000000000000000000000000000000000000000000000000000000000000000000000000000000000001010001010  
0000000000000000000000000000000000000000000000000000000000000000000000000000000000000001010001100  
0000000000000000000000000000000000000000000000000000000000000000000000000000000000000001010001110  
0000000000000000000000000000000000000000000000000000000000000000000000000000000000000001010010000  
0000000000000000000000000000000000000000000000000000000000000000000000000000000000000001010010010  
0000000000000000000000000000000000000000000000000000000000000000000000000000000000000001010010100  
0000000000000000000000000000000000000000000000000000000000000000000000000000000000000001010010110  
0000000000000000000000000000000000000000000000000000000000000000000000000000000000000001010011000  
0000000000000000000000000000000000000000000000000000000000000000000000000000000000000001010011010  
0000000000000000000000000000000000000000000000000000000000000000000000000000000000000001010011100  
0000000000000000000000000000000000000000000000000000000000000000000000000000000000000001010011110  
0000000000000000000000000000000000000000000000000000000000000000000000000000000000000001010100000  
0000000000000000000000000000000000000000000000000000000000000000000000000000000000000001010100010  
0000000000000000000000000000000000000000000000000000000000000000000000000000000000000001010100100  
0000000000000000000000000000000000000000000000000000000000000000000000000000000000000001010100110  
0000000000000000000000000000000000000000000000000000000000000000000000000000000000000001010101000  
0000000000000000000000000000000000000000000000000000000000000000000000000000000000000001010101010  
0000000000000000000000000000000000000000000000000000000000000000000000000000000000000001010101100  
0000000000000000000000000000000000000000000000000000000000000000000000000000000000000001010101110  
0000000000000000000000000000000000000000000000000000000000000000000000000000000000000001010110000  
0000000000000000000000000000000000000000000000000000000000000000000000000000000000000001010110010  
0000000000000000000000000000000000000000000000000000000000000000000000000000000000000001010110100  
0000000000000000000000000000000000000000000000000000000000000000000000000000000000000001010110110  
0000000000000000000000000000000000000000000000000000000000000000000000000000000000000001010111000  
0000000000000000000000000000000000000000000000000000000000000000000000000000000000000001010111010
0000000000000000000000000000000000000000000000000000000000000000000000000000000000000001010111100  
0000000000000000000000000000000000000000000000000000000000000000000000000000000000000001010111110  
0000000000000000000000000000000000000000000000000000000000000000000000000000000000000001011000000  
0000000000000000000000000000000000000000000000000000000000000000000000000000000000000001011000010  
0000000000000000000000000000000000000000000000000000000000000000000000000000000000000001011000100  
0000000000000000000000000000000000000000000000000000000000000000000000000000000000000001011000110  
0000000000000000000000000000000000000000000000000000000000000000000000000000000000000001011001000  
0000000000000000000000000000000000000000000000000000000000000000000000000000000000000001011001010  
0000000000000000000000000000000000000000000000000000000000000000000000000000000000000001011001100  
0000000000000000000000000000000000000000000000000000000000000000000000000000000000000001011001110  
0000000000000000000000000000000000000000000000000000000000000000000000000000000000000001011010000  
0000000000000000000000000000000000000000000000000000000000000000000000000000000000000001011010010  
0000000000000000000000000000000000000000000000000000000000000000000000000000000000000001011010100  
0000000000000000000000000000000000000000000000000000000000000000000000000000000000000001011010110  
0000000000000000000000000000000000000000000000000000000000000000000000000000000000000001011011000  
0000000000000000000000000000000000000000000000000000000000000000000000000000000000000001011011010  
0000000000000000000000000000000000000000000000000000000000000000000000000000000000000001011011100  
0000000000000000000000000000000000000000000000000000000000000000000000000000000000000001011011110  
0000000000000000000000000000000000000000000000000000000000000000000000000000000000000001011100000  
0000000000000000000000000000000000000000000000000000000000000000000000000000000000000001011100010  
0000000000000000000000000000000000000000000000000000000000000000000000000000000000000001011100100  
0000000000000000000000000000000000000000000000000000000000000000000000000000000000000001011100110  
0000000000000000000000000000000000000000000000000000000000000000000000000000000000000001011101000  
0000000000000000000000000000000000000000000000000000000000000000000000000000000000000001011101010  
0000000000000000000000000000000000000000000000000000000000000000000000000000000000000001011101100  
0000000000000000000000000000000000000000000000000000000000000000000000000000000000000001011101110  
0000000000000000000000000000000000000000000000000000000000000000000000000000000000000001011110000  
0000000000000000000000000000000000000000000000000000000000000000000000000000000000000001011110010  
0000000000000000000000000000000000000000000000000000000000000000000000000000000000000001011110100  
0000000000000000000000000000000000000000000000000000000000000000000000000000000000000001011110110  
0000000000000000000000000000000000000000000000000000000000000000000000000000000000000001011111000  
0000000000000000000000000000000000000000000000000000000000000000000000000000000000000001011111010  
0000000000000000000000000000000000000000000000000000000000000000000000000000000000000001011111100  
0000000000000000000000000000000000000000000000000000000000000000000000000000000000000001011111110  
0000000000000000000000000000000000000000000000000000000000000000000000000000000000000001100000000  
0000000000000000000000000000000000000000000000000000000000000000000000000000000000000001100000010  
0000000000000000000000000000000000000000000000000000000000000000000000000000000000000001100000100  
0000000000000000000000000000000000000000000000000000000000000000000000000000000000000001100000110  
0000000000000000000000000000000000000000000000000000000000000000000000000000000000000001100001000  
0000000000000000000000000000000000000000000000000000000000000000000000000000000000000001100001010  
0000000000000000000000000000000000000000000000000000000000000000000000000000000000000001100001100  
0000000000000000000000000000000000000000000000000000000000000000000000000000000000000001100001110  
0000000000000000000000000000000000000000000000000000000000000000000000000000000000000001100010000  
0000000000000000000000000000000000000000000000000000000000000000000000000000000000000001100010010  
0000000000000000000000000000000000000000000000000000000000000000000000000000000000000001100010100  
0000000000000000000000000000000000000000000000000000000000000000000000000000000000000001100010110  
0000000000000000000000000000000000000000000000000000000000000000000000000000000000000001100011000  
0000000000000000000000000000000000000000000000000000000000000000000000000000000000000001100011010  
0000000000000000000000000000000000000000000000000000000000000000000000000000000000000001100011100  
0000000000000000000000000000000000000000000000000000000000000000000000000000000000000001100011110  
0000000000000000000000000000000000000000000000000000000000000000000000000000000000000001100100000  
0000000000000000000000000000000000000000000000000000000000000000000000000000000000000001100100010  
0000000000000000000000000000000000000000000000000000000000000000000000000000000000000001100100100  
0000000000000000000000000000000000000000000000000000000000000000000000000000000000000001100100110  
0000000000000000000000000000000000000000000000000000000000000000000000000000000000000001100101000  
0000000000000000000000000000000000000000000000000000000000000000000000000000000000000001100101010  
0000000000000000000000000000000000000000000000000000000000000000000000000000000000000001100101100  
0000000000000000000000000000000000000000000000000000000000000000000000000000000000000001100101110  
0000000000000000000000000000000000000000000000000000000000000000000000000000000000000001100110000  
0000000000000000000000000000000000000000000000000000000000000000000000000000000000000001100110010  
0000000000000000000000000000000000000000000000000000000000000000000000000000000000000001100110100  
0000000000000000000000000000000000000000000000000000000000000000000000000000000000000001100110110  
0000000000000000000000000000000000000000000000000000000000000000000000000000000000000001100111000  
0000000000000000000000000000000000000000000000000000000000000000000000000000000000000001100111010  
0000000000000000000000000000000000000000000000000000000000000000000000000000000000000001100111100  
0000000000000000000000000000000000000000000000000000000000000000000000000000000000000001100111110  
0000000000000000000000000000000000000000000000000000000000000000000000000000000000000001101000000  
0000000000000000000000000000000000000000000000000000000000000000000000000000000000000001101000010  
0000000000000000000000000000000000000000000000000000000000000000000000000000000000000001101000100  
0000000000000000000000000000000000000000000000000000000000000000000000000000000000000001101000110  
0000000000000000000000000000000000000000000000000000000000000000000000000000000000000001101001000  
0000000000000000000000000000000000000000000000000000000000000000000000000000000000000001101001010  
0000000000000000000000000000000000000000000000000000000000000000000000000000000000000001101001100  
0000000000000000000000000000000000000000000000000000000000000000000000000000000000000001101001110  
0000000000000000000000000000000000000000000000000000000000000000000000000000000000000001101010000  
0000000000000000000000000000000000000000000000000000000000000000000000000000000000000001101010010  
0000000000000000000000000000000000000000000000000000000000000000000000000000000000000001101010100  
0000000000000000000000000000000000000000000000000000000000000000000000000000000000000001101010110  
0000000000000000000000000000000000000000000000000000000000000000000000000000000000000001101011000  
0000000000000000000000000000000000000000000000000000000000000000000000000000000000000001101011010  
0000000000000000000000000000000000000000000000000000000000000000000000000000000000000001101011100  
0000000000000000000000000000000000000000000000000000000000000000000000000000000000000001101011110  
0000000000000000000000000000000000000000000000000000000000000000000000000000000000000001101100000  
0000000000000000000000000000000000000000000000000000000000000000000000000000000000000001101100010  
0000000000000000000000000000000000000000000000000000000000000000000000000000000000000001101100100  
0000000000000000000000000000000000000000000000000000000000000000000000000000000000000001101100110  
0000000000000000000000000000000000000000000000000000000000000000000000000000000000000001101101000  
0000000000000000000000000000000000000000000000000000000000000000000000000000000000000001101101010  
0000000000000000000000000000000000000000000000000000000000000000000000000000000000000001101101100  
0000000000000000000000000000000000000000000000000000000000000000000000000000000000000001101101110  
0000000000000000000000000000000000000000000000000000000000000000000000000000000000000001101110000  
0000000000000000000000000000000000000000000000000000000000000000000000000000000000000001101110010
0000000000000000000000000000000000000000000000000000000000000000000000000000000000000001101110100  
0000000000000000000000000000000000000000000000000000000000000000000000000000000000000001101110110  
0000000000000000000000000000000000000000000000000000000000000000000000000000000000000001101111000  
0000000000000000000000000000000000000000000000000000000000000000000000000000000000000001101111010  
0000000000000000000000000000000000000000000000000000000000000000000000000000000000000001101111100  
0000000000000000000000000000000000000000000000000000000000000000000000000000000000000001101111110  
0000000000000000000000000000000000000000000000000000000000000000000000000000000000000001110000000  
0000000000000000000000000000000000000000000000000000000000000000000000000000000000000001110000010  
0000000000000000000000000000000000000000000000000000000000000000000000000000000000000001110000100  
0000000000000000000000000000000000000000000000000000000000000000000000000000000000000001110000110  
0000000000000000000000000000000000000000000000000000000000000000000000000000000000000001110001000  
0000000000000000000000000000000000000000000000000000000000000000000000000000000000000001110001010  
0000000000000000000000000000000000000000000000000000000000000000000000000000000000000001110001100  
0000000000000000000000000000000000000000000000000000000000000000000000000000000000000001110001110  
0000000000000000000000000000000000000000000000000000000000000000000000000000000000000001110010000  
0000000000000000000000000000000000000000000000000000000000000000000000000000000000000001110010010  
0000000000000000000000000000000000000000000000000000000000000000000000000000000000000001110010100  
0000000000000000000000000000000000000000000000000000000000000000000000000000000000000001110010110  
0000000000000000000000000000000000000000000000000000000000000000000000000000000000000001110011000  
0000000000000000000000000000000000000000000000000000000000000000000000000000000000000001110011010  
0000000000000000000000000000000000000000000000000000000000000000000000000000000000000001110011100  
0000000000000000000000000000000000000000000000000000000000000000000000000000000000000001110011110  
0000000000000000000000000000000000000000000000000000000000000000000000000000000000000001110100000  
0000000000000000000000000000000000000000000000000000000000000000000000000000000000000001110100010  
0000000000000000000000000000000000000000000000000000000000000000000000000000000000000001110100100  
0000000000000000000000000000000000000000000000000000000000000000000000000000000000000001110100110  
0000000000000000000000000000000000000000000000000000000000000000000000000000000000000001110101000  
0000000000000000000000000000000000000000000000000000000000000000000000000000000000000001110101010  
0000000000000000000000000000000000000000000000000000000000000000000000000000000000000001110101100  
0000000000000000000000000000000000000000000000000000000000000000000000000000000000000001110101110  
0000000000000000000000000000000000000000000000000000000000000000000000000000000000000001110110000  
0000000000000000000000000000000000000000000000000000000000000000000000000000000000000001110110010  
0000000000000000000000000000000000000000000000000000000000000000000000000000000000000001110110100  
0000000000000000000000000000000000000000000000000000000000000000000000000000000000000001110110110  
0000000000000000000000000000000000000000000000000000000000000000000000000000000000000001110111000  
0000000000000000000000000000000000000000000000000000000000000000000000000000000000000001110111010  
0000000000000000000000000000000000000000000000000000000000000000000000000000000000000001110111100  
0000000000000000000000000000000000000000000000000000000000000000000000000000000000000001110111110  
0000000000000000000000000000000000000000000000000000000000000000000000000000000000000001111000000  
0000000000000000000000000000000000000000000000000000000000000000000000000000000000000001111000010  
0000000000000000000000000000000000000000000000000000000000000000000000000000000000000001111000100  
0000000000000000000000000000000000000000000000000000000000000000000000000000000000000001111000110  
0000000000000000000000000000000000000000000000000000000000000000000000000000000000000001111001000  
0000000000000000000000000000000000000000000000000000000000000000000000000000000000000001111001010  
0000000000000000000000000000000000000000000000000000000000000000000000000000000000000001111001100  
0000000000000000000000000000000000000000000000000000000000000000000000000000000000000001111001110  
0000000000000000000000000000000000000000000000000000000000000000000000000000000000000001111010000  
0000000000000000000000000000000000000000000000000000000000000000000000000000000000000001111010010  
0000000000000000000000000000000000000000000000000000000000000000000000000000000000000001111010100  
0000000000000000000000000000000000000000000000000000000000000000000000000000000000000001111010110  
0000000000000000000000000000000000000000000000000000000000000000000000000000000000000001111011000  
0000000000000000000000000000000000000000000000000000000000000000000000000000000000000001111011010  
0000000000000000000000000000000000000000000000000000000000000000000000000000000000000001111011100  
0000000000000000000000000000000000000000000000000000000000000000000000000000000000000001111011110  
0000000000000000000000000000000000000000000000000000000000000000000000000000000000000001111100000  
0000000000000000000000000000000000000000000000000000000000000000000000000000000000000001111100010  
0000000000000000000000000000000000000000000000000000000000000000000000000000000000000001111100100  
0000000000000000000000000000000000000000000000000000000000000000000000000000000000000001111100110  
0000000000000000000000000000000000000000000000000000000000000000000000000000000000000001111101000  
0000000000000000000000000000000000000000000000000000000000000000000000000000000000000001111101010  
0000000000000000000000000000000000000000000000000000000000000000000000000000000000000001111101100  
0000000000000000000000000000000000000000000000000000000000000000000000000000000000000001111101110  
0000000000000000000000000000000000000000000000000000000000000000000000000000000000000001111110000  
0000000000000000000000000000000000000000000000000000000000000000000000000000000000000001111110010  
0000000000000000000000000000000000000000000000000000000000000000000000000000000000000001111110100  
0000000000000000000000000000000000000000000000000000000000000000000000000000000000000001111110110  
0000000000000000000000000000000000000000000000000000000000000000000000000000000000000001111111000  
0000000000000000000000000000000000000000000000000000000000000000000000000000000000000001111111010  
0000000000000000000000000000000000000000000000000000000000000000000000000000000000000001111111100  
0000000000000000000000000000000000000000000000000000000000000000000000000000000000000001111111110  
0000000000000000000000000000000000000000000000000000000000000000000000000000000000000010000000000  
0000000000000000000000000000000000000000000000000000000000000000000000000000000000000010000000010 